0.000000;-0.730045;-0.243451;-1.216759;-0.000001;0.973312
0.000000;-0.730071;-0.243493;-1.216768;-0.000012;0.973279
0.000000;-1.825155;-0.608925;-3.041132;0.000000;2.432104
0.000000;-1.825110;-0.608858;-3.041120;0.000020;2.432168
0.000000;-16.053165;-5.401491;-26.707546;-0.000082;21.306168
0.000000;-16.055470;-5.406098;-26.707333;-0.000450;21.301399
0.000000;-16.057432;-5.409349;-26.707603;-0.000273;21.298340
0.000000;-16.059299;-5.412531;-26.708027;-0.000182;21.295736
0.000000;-16.060539;-5.414738;-26.708248;-0.000206;21.293814
0.000000;-16.062571;-5.417917;-26.709063;-0.000466;21.291500
0.000000;-16.064837;-5.421961;-26.709244;-0.000700;21.287729
0.000000;-16.067137;-5.426146;-26.709579;-0.000716;21.283909
0.000000;-16.068331;-5.428116;-26.709888;-0.000822;21.282228
0.000000;-16.069818;-5.430676;-26.710360;-0.000852;21.280140
0.000000;-16.070127;-5.431049;-26.710569;-0.000917;21.280022
0.000000;-16.072817;-5.435857;-26.710911;-0.000969;21.275549
0.000000;-16.074173;-5.438211;-26.711252;-0.000960;21.273590
0.000000;-16.075073;-5.439601;-26.711695;-0.000988;21.272631
0.000000;-16.078917;-5.446846;-26.712046;-0.001191;21.265844
0.000000;-16.080198;-5.448984;-26.712523;-0.001184;21.264208
0.000000;-16.080669;-5.449378;-26.713005;-0.001343;21.264347
0.000000;-16.081528;-5.450843;-26.713274;-0.001351;21.263199
0.000000;-16.082026;-5.451286;-26.713785;-0.001228;21.263218
0.000000;-16.083025;-5.453368;-26.713690;-0.001057;21.261112
0.000000;-16.084326;-5.455498;-26.714117;-0.001166;21.259462
0.000000;-16.085901;-5.458580;-26.714283;-0.001254;21.256598
0.000000;-16.088177;-5.462676;-26.714697;-0.001107;21.253027
0.000000;-16.088774;-5.463574;-26.714975;-0.001146;21.252390
0.000000;-16.090914;-5.467752;-26.715065;-0.000929;21.248373
0.000000;-16.092424;-5.470278;-26.715548;-0.000632;21.246387
0.000000;-16.094694;-5.474511;-26.715824;-0.001208;21.242443
0.000000;-16.095869;-5.476534;-26.716158;-0.001429;21.240749
0.000000;-16.097490;-5.479399;-26.716599;-0.001590;21.238314
0.000000;-16.100769;-5.485486;-26.717010;-0.001548;21.232758
0.000000;-16.102835;-5.489259;-26.717442;-0.001045;21.229387
0.000000;-16.102791;-5.488842;-26.717768;-0.001019;21.230120
0.000000;-16.103811;-5.490314;-26.718325;-0.001002;21.229202
0.000000;-16.106348;-5.495115;-26.718618;-0.001065;21.224781
0.000000;-16.108681;-5.499811;-26.718531;-0.001094;21.220203
0.000000;-16.109697;-5.501121;-26.719275;-0.001149;21.219698
0.000000;-16.112211;-5.506155;-26.719227;-0.001021;21.214628
0.000000;-16.113077;-5.507342;-26.719847;-0.000834;21.214071
0.000000;-16.116314;-5.513535;-26.720026;-0.000721;21.208199
0.000000;-16.118063;-5.516298;-26.720707;-0.000430;21.206202
0.000000;-16.119753;-5.519264;-26.721191;-0.000073;21.203711
0.000000;-16.121044;-5.521804;-26.721159;-0.000404;21.201174
0.000000;-16.122066;-5.523460;-26.721640;-0.000557;21.200132
0.000000;-16.123363;-5.525608;-26.721981;-0.000754;21.198339
0.000000;-16.123680;-5.526528;-26.721737;-0.000593;21.197243
0.000000;-16.125349;-5.529569;-26.722021;-0.001044;21.194592
0.000000;-16.127018;-5.532529;-26.722435;-0.000866;21.191998
0.000000;-16.127790;-5.534477;-26.722054;-0.001318;21.189634
0.000000;-16.128124;-5.534860;-26.722332;-0.001211;21.189466
0.000000;-16.129007;-5.536177;-26.722738;-0.000655;21.188580
0.000000;-16.130589;-5.538749;-26.723343;-0.000897;21.186750
0.000000;-16.130878;-5.539064;-26.723656;-0.000872;21.186705
0.000000;-16.131077;-5.539016;-26.724098;-0.000712;21.187210
0.000000;-16.132830;-5.542147;-26.724495;-0.000589;21.184387
0.000000;-16.132875;-5.541792;-26.724911;-0.000355;21.185200
0.000000;-16.133005;-5.541999;-26.724993;-0.000058;21.184978
0.000000;-16.133503;-5.542616;-26.725296;-0.000195;21.184765
0.000000;-16.135378;-5.546216;-26.725422;-0.000177;21.181328
0.000000;-16.136137;-5.547409;-26.725777;-0.000315;21.180573
0.000000;-16.135990;-5.546875;-26.725931;0.000179;21.181292
0.000000;-16.136400;-5.547499;-26.726151;0.000356;21.180901
0.000000;-16.137640;-5.549624;-26.726501;0.000195;21.179180
0.000000;-16.137440;-5.549229;-26.726522;-0.000383;21.179504
0.000000;-16.138334;-5.550641;-26.726818;-0.000821;21.178606
0.000000;-16.138958;-5.551557;-26.727175;-0.000831;21.178003
0.000000;-16.140810;-5.554863;-26.727560;-0.000317;21.175087
0.000000;-16.142115;-5.557024;-26.727983;-0.000380;21.173351
0.000000;-16.142662;-5.557898;-26.728212;-0.000528;21.172714
0.000000;-16.143137;-5.558566;-26.728462;-0.000330;21.172331
0.000000;-16.144623;-5.561180;-26.728870;-0.000573;21.170208
0.000000;-16.144733;-5.561159;-26.729076;-0.000550;21.170437
0.000000;-16.146994;-5.565644;-26.729187;0.000106;21.166119
0.000000;-16.148569;-5.568606;-26.729330;-0.000138;21.163296
0.000000;-16.151331;-5.573609;-26.729811;-0.000702;21.158953
0.000000;-16.152737;-5.575795;-26.730543;0.000536;21.157497
0.000000;-16.152977;-5.577113;-26.729685;0.000060;21.155291
0.000000;-16.153282;-5.577439;-26.729937;0.000450;21.155123
0.000000;-16.154259;-5.579339;-26.730059;-0.000039;21.153456
0.000000;-16.154161;-5.579152;-26.730021;-0.000091;21.153605
0.000000;-16.156593;-5.583704;-26.730289;-0.000164;21.149466
0.000000;-16.159431;-5.589432;-26.730080;-0.000160;21.143579
0.000000;-16.161903;-5.594508;-26.730022;-0.000526;21.138430
0.000000;-16.162285;-5.594818;-26.730438;-0.001248;21.138561
0.000000;-16.162630;-5.595249;-26.730759;-0.001281;21.138346
0.000000;-16.162638;-5.594702;-26.731319;-0.001662;21.139641
0.000000;-16.164293;-5.597801;-26.731461;-0.002612;21.136759
0.000000;-16.164520;-5.598018;-26.731777;-0.003156;21.136806
0.000000;-16.164677;-5.598546;-26.731483;-0.003068;21.135941
0.000000;-16.166378;-5.602095;-26.731371;-0.003016;21.132355
0.000000;-16.168324;-5.605882;-26.731480;-0.002977;21.128695
0.000000;-16.168472;-5.605987;-26.731600;-0.003232;21.128719
0.000000;-16.169308;-5.607726;-26.731585;-0.002776;21.126984
0.000000;-16.170959;-5.610898;-26.731661;-0.002681;21.124001
0.000000;-16.171190;-5.611966;-26.731070;-0.002687;21.122374
0.000000;-16.171289;-5.613634;-26.729555;-0.003316;21.119257
0.000000;-16.170996;-5.612757;-26.729994;-0.003306;21.120483
0.000000;-16.172176;-5.615525;-26.729534;-0.003516;21.117393
0.000000;-16.173267;-5.617517;-26.729687;-0.003653;21.115469
0.000000;-16.172417;-5.616093;-26.729414;-0.003216;21.116760
0.000000;-16.172146;-5.616313;-26.728710;-0.003708;21.115799
0.000000;-16.171209;-5.615008;-26.728203;-0.003739;21.116625
0.000000;-16.171526;-5.616404;-26.727360;-0.004909;21.114445
0.000000;-16.170538;-5.616237;-26.725588;-0.005114;21.112885
0.000000;-16.170218;-5.615460;-26.725666;-0.004670;21.113867
0.000000;-16.171316;-5.617491;-26.725805;-0.004622;21.111952
0.000000;-16.171980;-5.618438;-26.726160;-0.004301;21.111271
0.000000;-16.171358;-5.617666;-26.725727;-0.004781;21.111561
0.000000;-16.171604;-5.618215;-26.725634;-0.004905;21.110912
0.000000;-16.172054;-5.618782;-26.726063;-0.004876;21.110756
0.000000;-16.171204;-5.617853;-26.725212;-0.005911;21.110901
0.000000;-16.173241;-5.621404;-26.725777;-0.006140;21.107912
0.000000;-16.173246;-5.621122;-26.726013;-0.005552;21.108496
0.000000;-16.173433;-5.621455;-26.726099;-0.006236;21.108294
0.000000;-16.173531;-5.621121;-26.726614;-0.006176;21.109182
0.000000;-16.176485;-5.627140;-26.726559;-0.006364;21.103325
0.000000;-16.177336;-5.628432;-26.726923;-0.006213;21.102446
0.000000;-16.179134;-5.632406;-26.726418;-0.006201;21.097994
0.000000;-16.180517;-5.636004;-26.725657;-0.005616;21.093737
0.000000;-16.181076;-5.637124;-26.725542;-0.006127;21.092455
0.000000;-16.181339;-5.638135;-26.725245;-0.006162;21.091158
0.000000;-16.181942;-5.639344;-26.725176;-0.005897;21.089945
0.000000;-16.181421;-5.638472;-26.724957;-0.005783;21.090595
0.000000;-16.181376;-5.638138;-26.725174;-0.006034;21.091185
0.000000;-16.182470;-5.640033;-26.725538;-0.006012;21.089706
0.000000;-16.183136;-5.641235;-26.725622;-0.005925;21.088596
0.000000;-16.182642;-5.640045;-26.725857;-0.005986;21.090006
0.000000;-16.182468;-5.639503;-26.725981;-0.005974;21.090670
0.000000;-16.184549;-5.643452;-26.726173;-0.004459;21.087023
0.000000;-16.184523;-5.643119;-26.726583;-0.004309;21.087666
0.000000;-16.184299;-5.642615;-26.726570;-0.004674;21.088369
0.000000;-16.184669;-5.643158;-26.726736;-0.005357;21.087933
0.000000;-16.185480;-5.644425;-26.727190;-0.005713;21.087187
0.000000;-16.185343;-5.644176;-26.727125;-0.005886;21.087416
0.000000;-16.185244;-5.643625;-26.727497;-0.006048;21.088285
0.000000;-16.185600;-5.644077;-26.727736;-0.006226;21.088293
0.000000;-16.187017;-5.646035;-26.728544;-0.006487;21.087156
0.000000;-16.187441;-5.646762;-26.728762;-0.006854;21.086597
0.000000;-16.187984;-5.647596;-26.728928;-0.006871;21.085943
0.000000;-16.188225;-5.647756;-26.729269;-0.006680;21.086227
0.000000;-16.188593;-5.647756;-26.729940;-0.006775;21.086805
0.000000;-16.189379;-5.649076;-26.730268;-0.006875;21.085831
0.000000;-16.190701;-5.651327;-26.730698;-0.006685;21.083878
0.000000;-16.191000;-5.651837;-26.730812;-0.006506;21.083561
0.000000;-16.190886;-5.651249;-26.731123;-0.006429;21.084404
0.000000;-16.191233;-5.651828;-26.731266;-0.006063;21.084053
0.000000;-16.190304;-5.649383;-26.731722;-0.005907;21.086979
0.000000;-16.190325;-5.650350;-26.730854;-0.004862;21.085043
0.000000;-16.190296;-5.650007;-26.730972;-0.005232;21.085651
0.000000;-16.190626;-5.650400;-26.731342;-0.005469;21.085606
0.000000;-16.190714;-5.650213;-26.731670;-0.005096;21.086079
0.000000;-16.190926;-5.650741;-26.731585;-0.004074;21.085392
0.000000;-16.192078;-5.653173;-26.731520;-0.003132;21.082952
0.000000;-16.193817;-5.656892;-26.731178;-0.002672;21.079008
0.000000;-16.193798;-5.656605;-26.731438;-0.002861;21.079506
0.000000;-16.193024;-5.656621;-26.729837;-0.002939;21.077950
0.000000;-16.193422;-5.657998;-26.729269;-0.002963;21.076042
0.000000;-16.196711;-5.664288;-26.729639;-0.003528;21.070118
0.000000;-16.197346;-5.665283;-26.729904;-0.003783;21.069414
0.000000;-16.197878;-5.666281;-26.729862;-0.003150;21.068382
0.000000;-16.198290;-5.666793;-26.730244;-0.002867;21.068171
0.000000;-16.199366;-5.668800;-26.730457;-0.001973;21.066387
0.000000;-16.199196;-5.668180;-26.730667;-0.002249;21.067131
0.000000;-16.199585;-5.669516;-26.730074;-0.001966;21.065285
0.000000;-16.200258;-5.670782;-26.730143;-0.002513;21.064058
0.000000;-16.200758;-5.671732;-26.730169;-0.002331;21.063034
0.000000;-16.201887;-5.673643;-26.730446;-0.002633;21.061468
0.000000;-16.201918;-5.674194;-26.730036;-0.002569;21.060526
0.000000;-16.201649;-5.674644;-26.729053;-0.002591;21.059122
0.000000;-16.201479;-5.674325;-26.729004;-0.003628;21.059454
0.000000;-16.201427;-5.674283;-26.728977;-0.003067;21.059444
0.000000;-16.201149;-5.673647;-26.729052;-0.002967;21.060152
0.000000;-16.202177;-5.675502;-26.729202;-0.003612;21.058514
0.000000;-16.203152;-5.677202;-26.729530;-0.004308;21.057087
0.000000;-16.203211;-5.678434;-26.728369;-0.004247;21.054785
0.000000;-16.202812;-5.677630;-26.728365;-0.004405;21.055571
0.000000;-16.203362;-5.678438;-26.728699;-0.004319;21.055029
0.000000;-16.201820;-5.676507;-26.727566;-0.003985;21.055870
0.000000;-16.201521;-5.676815;-26.726574;-0.004438;21.054649
0.000000;-16.200371;-5.675170;-26.725954;-0.004359;21.055656
0.000000;-16.201834;-5.678461;-26.725582;-0.004796;21.052153
0.000000;-16.201616;-5.677607;-26.725912;-0.004462;21.053286
0.000000;-16.201937;-5.678505;-26.725780;-0.004600;21.052216
0.000000;-16.201460;-5.677116;-26.726164;-0.004369;21.053982
0.000000;-16.201321;-5.676778;-26.726175;-0.004683;21.054266
0.000000;-16.200621;-5.676879;-26.724745;-0.004318;21.052774
0.000000;-16.201639;-5.678936;-26.724691;-0.004754;21.050768
0.000000;-16.201090;-5.678519;-26.723989;-0.004048;21.050508
0.000000;-16.201839;-5.679977;-26.723949;-0.004713;21.049036
0.000000;-16.202559;-5.682063;-26.723461;-0.004216;21.046450
0.000000;-16.201328;-5.681003;-26.721968;-0.004538;21.046253
0.000000;-16.200529;-5.679909;-26.721525;-0.004239;21.046846
0.000000;-16.200777;-5.680034;-26.721809;-0.004228;21.047073
0.000000;-16.200350;-5.679985;-26.720964;-0.004191;21.046402
0.000000;-16.201141;-5.682215;-26.720350;-0.004653;21.043619
0.000000;-16.200226;-5.681484;-26.719299;-0.004331;21.043407
0.000000;-16.199425;-5.681303;-26.717884;-0.005133;21.042580
0.000000;-16.199074;-5.680465;-26.717987;-0.004919;21.043573
0.000000;-16.198523;-5.679042;-26.718349;-0.005151;21.045246
0.000000;-16.199785;-5.681794;-26.718153;-0.005426;21.042414
0.000000;-16.199015;-5.681482;-26.716915;-0.005879;21.041496
0.000000;-2.919921;-0.974770;-4.864749;-0.000000;3.890306
0.000000;-2.919921;-0.974770;-4.864749;-0.000000;3.890306
0.000000;-2.919921;-0.974770;-4.864749;-0.000000;3.890306
0.000000;-2.919921;-0.974770;-4.864749;-0.000000;3.890306
0.000000;-1.533172;-0.511454;-2.554808;0.000000;2.043210
0.000000;-1.533172;-0.511454;-2.554808;0.000000;2.043210
0.000000;-1.531591;-0.514785;-2.548101;-0.000000;2.033622
0.000000;-1.531995;-0.514921;-2.548769;-0.000000;2.034136
0.000000;-1.533172;-0.511454;-2.554808;0.000000;2.043210
0.000000;-1.533172;-0.511454;-2.554808;0.000000;2.043210
0.000000;-1.460904;-0.487310;-2.434326;0.000000;1.947117
0.000000;-1.460904;-0.487310;-2.434326;0.000000;1.947117
0.000000;-1.460998;-0.487050;-2.435114;0.000000;1.948050
0.000000;-1.460998;-0.487050;-2.435114;0.000000;1.948050
0.000000;-1.459048;-0.490236;-2.427886;-0.000000;1.937666
0.000000;-1.459048;-0.490236;-2.427886;-0.000000;1.937666
0.000000;-14.398473;-5.202030;-23.593990;-0.000000;18.391985
0.000000;-14.398473;-5.202030;-23.593990;-0.000000;18.391985
0.000000;-14.398473;-5.202030;-23.593990;-0.000000;18.391985
0.000000;-14.398473;-5.202030;-23.593990;-0.000000;18.391985
0.000000;-28.329020;-11.117053;-45.543781;-0.000000;34.429138
0.000000;-28.329020;-11.117053;-45.543781;-0.000000;34.429138
0.000000;-28.340168;-11.119014;-45.556492;-0.000000;34.436947
0.000000;-28.340168;-11.119014;-45.556492;-0.000000;34.436947
0.000000;-0.111272;-0.043669;-0.178883;-0.000000;0.135226
0.000000;-0.111272;-0.043669;-0.178883;-0.000000;0.135226
0.000000;-0.166904;-0.065495;-0.268316;-0.000000;0.202854
0.000000;-0.166904;-0.065495;-0.268316;-0.000000;0.202854
0.000000;-0.111272;-0.043669;-0.178883;-0.000000;0.135226
0.000000;-0.111272;-0.043669;-0.178883;-0.000000;0.135226
0.000000;-0.111315;-0.043674;-0.178841;-0.000000;0.135248
0.000000;-0.111315;-0.043674;-0.178841;-0.000000;0.135248
0.000000;-0.011467;-0.003884;-0.019049;-0.000000;0.015167
0.000000;-0.011467;-0.003884;-0.019049;-0.000000;0.015167
0.000000;-0.011467;-0.003884;-0.019049;-0.000000;0.015167
0.000000;-0.011467;-0.003884;-0.019049;-0.000000;0.015167
0.000000;-0.012865;-0.004366;-0.021365;-0.000000;0.017000
0.000000;-0.012865;-0.004366;-0.021365;-0.000000;0.017000
0.000000;-0.012865;-0.004366;-0.021365;-0.000000;0.017000
0.000000;-0.012865;-0.004366;-0.021365;-0.000000;0.017000
0.000000;-0.012865;-0.004366;-0.021365;-0.000000;0.017000
0.000000;-0.012865;-0.004366;-0.021365;-0.000000;0.017000
0.000000;-0.012865;-0.004366;-0.021365;-0.000000;0.017000
0.000000;-0.012865;-0.004366;-0.021365;-0.000000;0.017000
0.000000;-0.004299;-0.001442;-0.007157;-0.000000;0.005715
0.000000;-0.004299;-0.001442;-0.007157;-0.000000;0.005715
0.000000;-0.002880;-0.000964;-0.004795;-0.000000;0.003832
0.000000;-0.002880;-0.000964;-0.004795;-0.000000;0.003832
0.000000;-0.002880;-0.000964;-0.004795;-0.000000;0.003832
0.000000;-0.002880;-0.000964;-0.004795;-0.000000;0.003832
0.000000;-0.002880;-0.000964;-0.004795;-0.000000;0.003832
0.000000;-0.002880;-0.000964;-0.004795;-0.000000;0.003832
0.000000;-0.002880;-0.000964;-0.004795;-0.000000;0.003832
0.000000;-0.002880;-0.000964;-0.004795;-0.000000;0.003832
0.000000;-0.002880;-0.000964;-0.004795;-0.000000;0.003832
0.000000;-0.002880;-0.000964;-0.004795;-0.000000;0.003832
0.000000;-0.002880;-0.000964;-0.004795;-0.000000;0.003832
0.000000;-0.002880;-0.000964;-0.004795;-0.000000;0.003832
0.000000;-0.002880;-0.000964;-0.004795;-0.000000;0.003832
0.000000;-0.002880;-0.000964;-0.004795;-0.000000;0.003832
0.000000;-0.002880;-0.000964;-0.004795;-0.000000;0.003832
0.000000;-0.002880;-0.000964;-0.004795;-0.000000;0.003832
0.000000;-0.002880;-0.000964;-0.004795;-0.000000;0.003832
0.000000;-0.002880;-0.000964;-0.004795;-0.000000;0.003832
0.000000;-0.002880;-0.000964;-0.004795;-0.000000;0.003832
0.000000;-0.002880;-0.000964;-0.004795;-0.000000;0.003832
0.000000;-0.002880;-0.000964;-0.004795;-0.000000;0.003832
0.000000;-0.002880;-0.000964;-0.004795;-0.000000;0.003832
0.000000;-0.002880;-0.000964;-0.004795;-0.000000;0.003832
0.000000;-0.002880;-0.000964;-0.004795;-0.000000;0.003832
0.000000;-0.002880;-0.000964;-0.004795;-0.000000;0.003832
0.000000;-0.002880;-0.000964;-0.004795;-0.000000;0.003832
0.000000;-0.002880;-0.000964;-0.004795;-0.000000;0.003832
0.000000;-0.002880;-0.000964;-0.004795;-0.000000;0.003832
0.000000;-0.002880;-0.000964;-0.004795;-0.000000;0.003832
0.000000;-0.002880;-0.000964;-0.004795;-0.000000;0.003832
0.000000;-0.002880;-0.000964;-0.004795;-0.000000;0.003832
0.000000;-0.002880;-0.000964;-0.004795;-0.000000;0.003832
0.000000;-0.002880;-0.000964;-0.004795;-0.000000;0.003832
0.000000;-0.002880;-0.000964;-0.004795;-0.000000;0.003832
0.000000;-0.002880;-0.000964;-0.004795;-0.000000;0.003832
0.000000;-0.002880;-0.000964;-0.004795;-0.000000;0.003832
0.000000;-0.002880;-0.000964;-0.004795;-0.000000;0.003832
0.000000;-0.002880;-0.000964;-0.004795;-0.000000;0.003832
0.000000;-0.002880;-0.000964;-0.004795;-0.000000;0.003832
0.000000;-0.002880;-0.000964;-0.004795;-0.000000;0.003832
0.000000;-0.002880;-0.000964;-0.004795;-0.000000;0.003832
0.000000;-0.002880;-0.000964;-0.004795;-0.000000;0.003832
0.000000;-0.002880;-0.000964;-0.004795;-0.000000;0.003832
0.000000;-0.002880;-0.000964;-0.004795;-0.000000;0.003832
0.000000;-0.002880;-0.000964;-0.004795;-0.000000;0.003832
0.000000;-0.002880;-0.000964;-0.004795;-0.000000;0.003832
0.000000;-0.002880;-0.000964;-0.004795;0.000000;0.003832
0.000000;-0.002880;-0.000964;-0.004795;0.000000;0.003832
0.000000;-0.002880;-0.000964;-0.004795;0.000000;0.003832
0.000000;-0.002880;-0.000964;-0.004795;-0.000000;0.003832
0.000000;-0.002880;-0.000964;-0.004795;-0.000000;0.003832
0.000000;-0.002880;-0.000964;-0.004795;-0.000000;0.003832
0.000000;-0.002880;-0.000964;-0.004795;-0.000000;0.003832
0.000000;-0.000301;-0.000100;-0.000502;-0.000000;0.000401
0.000000;-0.000301;-0.000100;-0.000502;-0.000000;0.000401
0.000000;-0.000301;-0.000100;-0.000502;-0.000000;0.000401
0.000000;-0.000301;-0.000100;-0.000502;-0.000000;0.000401
