0.000000;-7300.447266;-2434.506348;-12167.592773;-0.008691;9733.124023
0.000000;-7300.711914;-2434.930908;-12167.677734;-0.120452;9732.791016
0.000000;-18251.550781;-6089.252441;-30411.322266;0.000006;24321.037109
0.000000;-18251.103516;-6088.580566;-30411.201172;0.195471;24321.677734
0.000000;-160531.656250;-54014.910156;-267075.468750;-0.821299;213061.671875
0.000000;-160554.687500;-54060.984375;-267073.312500;-4.504873;213014.000000
0.000000;-160574.328125;-54093.496094;-267076.031250;-2.734356;212983.406250
0.000000;-160593.000000;-54125.312500;-267080.281250;-1.823375;212957.359375
0.000000;-160605.390625;-54147.382812;-267082.468750;-2.061496;212938.140625
0.000000;-160625.703125;-54179.171875;-267090.625000;-4.661977;212915.000000
0.000000;-160648.359375;-54219.609375;-267092.437500;-6.996844;212877.296875
0.000000;-160671.375000;-54261.460938;-267095.781250;-7.160137;212839.093750
0.000000;-160683.312500;-54281.160156;-267098.875000;-8.217228;212822.281250
0.000000;-160698.187500;-54306.761719;-267103.593750;-8.522860;212801.406250
0.000000;-160701.281250;-54310.488281;-267105.687500;-9.170399;212800.218750
0.000000;-160728.171875;-54358.574219;-267109.093750;-9.690450;212755.484375
0.000000;-160741.734375;-54382.109375;-267112.531250;-9.602105;212735.906250
0.000000;-160750.734375;-54396.015625;-267116.937500;-9.883674;212726.312500
0.000000;-160789.171875;-54468.457031;-267120.468750;-11.910938;212658.437500
0.000000;-160801.984375;-54489.835938;-267125.218750;-11.838615;212642.078125
0.000000;-160806.687500;-54493.781250;-267130.062500;-13.428207;212643.468750
0.000000;-160815.281250;-54508.429688;-267132.750000;-13.512879;212631.984375
0.000000;-160820.250000;-54512.859375;-267137.843750;-12.283642;212632.171875
0.000000;-160830.250000;-54533.675781;-267136.906250;-10.574937;212611.125000
0.000000;-160843.265625;-54554.976562;-267141.156250;-11.655477;212594.625000
0.000000;-160859.015625;-54585.804688;-267142.843750;-12.539334;212565.968750
0.000000;-160881.765625;-54626.753906;-267146.968750;-11.070520;212530.265625
0.000000;-160887.734375;-54635.742188;-267149.750000;-11.462653;212523.906250
0.000000;-160909.140625;-54677.523438;-267150.656250;-9.287792;212483.734375
0.000000;-160924.250000;-54702.777344;-267155.468750;-6.324589;212463.875000
0.000000;-160946.937500;-54745.105469;-267158.250000;-12.076778;212424.437500
0.000000;-160958.687500;-54765.343750;-267161.593750;-14.291712;212407.500000
0.000000;-160974.906250;-54793.988281;-267166.000000;-15.902844;212383.140625
0.000000;-161007.687500;-54854.859375;-267170.093750;-15.480871;212327.578125
0.000000;-161028.343750;-54892.585938;-267174.406250;-10.447927;212293.875000
0.000000;-161027.906250;-54888.414062;-267177.687500;-10.194101;212301.203125
0.000000;-161038.109375;-54903.140625;-267183.250000;-10.022078;212292.015625
0.000000;-161063.484375;-54951.152344;-267186.187500;-10.648151;212247.812500
0.000000;-161086.812500;-54998.105469;-267185.312500;-10.937025;212202.031250
0.000000;-161096.968750;-55011.210938;-267192.750000;-11.489026;212196.984375
0.000000;-161122.109375;-55061.554688;-267192.281250;-10.209732;212146.281250
0.000000;-161130.765625;-55073.417969;-267198.468750;-8.335943;212140.718750
0.000000;-161163.140625;-55135.351562;-267200.250000;-7.206132;212081.984375
0.000000;-161180.625000;-55162.984375;-267207.062500;-4.297300;212062.015625
0.000000;-161197.531250;-55192.640625;-267211.906250;-0.734616;212037.109375
0.000000;-161210.437500;-55218.039062;-267211.593750;-4.043574;212011.734375
0.000000;-161220.671875;-55234.605469;-267216.406250;-5.565381;212001.328125
0.000000;-161233.640625;-55256.082031;-267219.812500;-7.538650;211983.390625
0.000000;-161236.796875;-55265.285156;-267217.375000;-5.934330;211972.421875
0.000000;-161253.484375;-55295.691406;-267220.218750;-10.436168;211945.921875
0.000000;-161270.187500;-55325.292969;-267224.343750;-8.659888;211919.968750
0.000000;-161277.906250;-55344.773438;-267220.531250;-13.175948;211896.343750
0.000000;-161281.250000;-55348.597656;-267223.312500;-12.107496;211894.671875
0.000000;-161290.078125;-55361.773438;-267227.375000;-6.552686;211885.796875
0.000000;-161305.890625;-55387.492188;-267233.437500;-8.974079;211867.500000
0.000000;-161308.781250;-55390.644531;-267236.562500;-8.719879;211867.046875
0.000000;-161310.765625;-55390.156250;-267240.968750;-7.118193;211872.093750
0.000000;-161328.296875;-55421.468750;-267244.937500;-5.891748;211843.875000
0.000000;-161328.750000;-55417.917969;-267249.093750;-3.550308;211852.000000
0.000000;-161330.046875;-55419.988281;-267249.937500;-0.580836;211849.781250
0.000000;-161335.031250;-55426.160156;-267252.968750;-1.948564;211847.656250
0.000000;-161353.781250;-55462.156250;-267254.218750;-1.772437;211813.281250
0.000000;-161361.375000;-55474.089844;-267257.781250;-3.148477;211805.718750
0.000000;-161359.906250;-55468.753906;-267259.312500;1.790568;211812.921875
0.000000;-161364.000000;-55474.988281;-267261.500000;3.558595;211809.000000
0.000000;-161376.406250;-55496.238281;-267265.000000;1.947735;211791.796875
0.000000;-161374.390625;-55492.285156;-267265.218750;-3.833701;211795.046875
0.000000;-161383.343750;-55506.410156;-267268.187500;-8.206403;211786.062500
0.000000;-161389.578125;-55515.570312;-267271.750000;-8.314572;211780.031250
0.000000;-161408.093750;-55548.632812;-267275.593750;-3.167842;211750.875000
0.000000;-161421.140625;-55570.234375;-267279.843750;-3.804655;211733.515625
0.000000;-161426.625000;-55578.980469;-267282.125000;-5.282515;211727.140625
0.000000;-161431.375000;-55585.660156;-267284.625000;-3.299753;211723.312500
0.000000;-161446.234375;-55611.796875;-267288.718750;-5.729506;211702.078125
0.000000;-161447.328125;-55611.589844;-267290.750000;-5.496517;211704.375000
0.000000;-161469.937500;-55656.437500;-267291.875000;1.056660;211661.187500
0.000000;-161485.687500;-55686.058594;-267293.312500;-1.378167;211632.953125
0.000000;-161513.312500;-55736.089844;-267298.093750;-7.022877;211589.531250
0.000000;-161527.359375;-55757.953125;-267305.437500;5.359463;211574.968750
0.000000;-161529.765625;-55771.125000;-267296.843750;0.599102;211552.906250
0.000000;-161532.828125;-55774.386719;-267299.375000;4.504196;211551.234375
0.000000;-161542.593750;-55793.386719;-267300.593750;-0.388273;211534.562500
0.000000;-161541.609375;-55791.515625;-267300.218750;-0.905177;211536.046875
0.000000;-161565.937500;-55837.039062;-267302.906250;-1.641029;211494.656250
0.000000;-161594.312500;-55894.316406;-267300.781250;-1.597756;211435.796875
0.000000;-161619.031250;-55945.078125;-267300.218750;-5.258238;211384.296875
0.000000;-161622.843750;-55948.179688;-267304.375000;-12.481486;211385.609375
0.000000;-161626.296875;-55952.492188;-267307.593750;-12.811790;211383.453125
0.000000;-161626.375000;-55947.023438;-267313.187500;-16.623955;211396.406250
0.000000;-161642.937500;-55978.007812;-267314.593750;-26.123590;211367.593750
0.000000;-161645.203125;-55980.175781;-267317.781250;-31.563995;211368.062500
0.000000;-161646.765625;-55985.460938;-267314.843750;-30.681688;211359.406250
0.000000;-161663.781250;-56020.953125;-267313.718750;-30.158672;211323.546875
0.000000;-161683.234375;-56058.816406;-267314.781250;-29.766308;211286.953125
0.000000;-161684.718750;-56059.871094;-267316.000000;-32.316814;211287.187500
0.000000;-161693.078125;-56077.261719;-267315.843750;-27.756247;211269.843750
0.000000;-161709.593750;-56108.984375;-267316.593750;-26.812704;211240.000000
0.000000;-161711.906250;-56119.656250;-267310.687500;-26.872665;211223.734375
0.000000;-161712.890625;-56136.335938;-267295.562500;-33.161572;211192.562500
0.000000;-161709.953125;-56127.570312;-267299.937500;-33.059792;211204.828125
0.000000;-161721.765625;-56155.246094;-267295.343750;-35.160152;211173.937500
0.000000;-161732.671875;-56175.164062;-267296.875000;-36.530678;211154.687500
0.000000;-161724.171875;-56160.925781;-267294.125000;-32.158409;211167.609375
0.000000;-161721.453125;-56163.132812;-267287.093750;-37.084244;211157.984375
0.000000;-161712.093750;-56150.078125;-267282.031250;-37.387920;211166.250000
0.000000;-161715.265625;-56164.035156;-267273.593750;-49.088512;211144.453125
0.000000;-161705.375000;-56162.367188;-267255.875000;-51.138935;211128.843750
0.000000;-161702.171875;-56154.597656;-267256.656250;-46.699326;211138.671875
0.000000;-161713.156250;-56174.906250;-267258.062500;-46.217461;211119.515625
0.000000;-161719.796875;-56184.382812;-267261.593750;-43.014320;211112.703125
0.000000;-161713.578125;-56176.664062;-267257.281250;-47.809399;211115.609375
0.000000;-161716.046875;-56182.144531;-267256.343750;-49.046898;211109.125000
0.000000;-161720.546875;-56187.816406;-267260.625000;-48.757679;211107.562500
0.000000;-161712.031250;-56178.531250;-267252.125000;-59.106010;211109.015625
0.000000;-161732.406250;-56214.042969;-267257.781250;-61.398144;211079.125000
0.000000;-161732.468750;-56211.218750;-267260.125000;-55.523628;211084.953125
0.000000;-161734.328125;-56214.546875;-267261.000000;-62.362961;211082.937500
0.000000;-161735.312500;-56211.210938;-267266.125000;-61.758614;211091.828125
0.000000;-161764.843750;-56271.394531;-267265.593750;-63.641361;211033.250000
0.000000;-161773.359375;-56284.324219;-267269.218750;-62.128468;211024.453125
0.000000;-161791.343750;-56324.058594;-267264.187500;-62.008175;210979.937500
0.000000;-161805.171875;-56360.042969;-267256.562500;-56.164852;210937.359375
0.000000;-161810.765625;-56371.234375;-267255.406250;-61.270164;210924.546875
0.000000;-161813.390625;-56381.355469;-267252.437500;-61.620045;210911.578125
0.000000;-161819.421875;-56393.441406;-267251.750000;-58.966049;210899.453125
0.000000;-161814.218750;-56384.722656;-267249.562500;-57.827290;210905.953125
0.000000;-161813.750000;-56381.382812;-267251.750000;-60.338577;210911.843750
0.000000;-161824.703125;-56400.332031;-267255.375000;-60.119759;210897.062500
0.000000;-161831.359375;-56412.347656;-267256.218750;-59.253658;210885.968750
0.000000;-161826.421875;-56400.445312;-267258.562500;-59.856846;210900.062500
0.000000;-161824.687500;-56395.023438;-267259.812500;-59.742653;210906.703125
0.000000;-161845.500000;-56434.523438;-267261.718750;-44.594662;210870.234375
0.000000;-161845.218750;-56431.187500;-267265.843750;-43.085320;210876.656250
0.000000;-161843.000000;-56426.148438;-267265.687500;-46.739262;210883.687500
0.000000;-161846.687500;-56431.578125;-267267.375000;-53.574589;210879.328125
0.000000;-161854.796875;-56444.250000;-267271.906250;-57.133419;210871.875000
0.000000;-161853.421875;-56441.765625;-267271.250000;-58.864307;210874.156250
0.000000;-161852.437500;-56436.253906;-267274.968750;-60.482300;210882.859375
0.000000;-161856.000000;-56440.769531;-267277.343750;-62.260376;210882.937500
0.000000;-161870.171875;-56460.347656;-267285.437500;-64.870964;210871.562500
0.000000;-161874.406250;-56467.617188;-267287.625000;-68.543694;210865.968750
0.000000;-161879.843750;-56475.957031;-267289.281250;-68.709114;210859.437500
0.000000;-161882.250000;-56477.562500;-267292.687500;-66.800995;210862.281250
0.000000;-161885.921875;-56477.554688;-267299.406250;-67.750946;210868.046875
0.000000;-161893.781250;-56490.765625;-267302.687500;-68.754082;210858.312500
0.000000;-161907.000000;-56513.265625;-267306.968750;-66.845154;210838.781250
0.000000;-161910.000000;-56518.375000;-267308.125000;-65.058907;210835.609375
0.000000;-161908.859375;-56512.492188;-267311.218750;-64.293625;210844.046875
0.000000;-161912.328125;-56518.281250;-267312.656250;-60.634678;210840.531250
0.000000;-161903.031250;-56493.832031;-267317.218750;-59.065670;210869.796875
0.000000;-161903.250000;-56503.500000;-267308.531250;-48.620609;210850.421875
0.000000;-161902.968750;-56500.074219;-267309.718750;-52.317646;210856.515625
0.000000;-161906.265625;-56503.996094;-267313.437500;-54.687496;210856.062500
0.000000;-161907.140625;-56502.128906;-267316.718750;-50.964146;210860.781250
0.000000;-161909.250000;-56507.410156;-267315.843750;-40.735909;210853.921875
0.000000;-161920.781250;-56531.730469;-267315.187500;-31.317739;210829.531250
0.000000;-161938.171875;-56568.921875;-267311.781250;-26.715094;210790.078125
0.000000;-161937.984375;-56566.046875;-267314.375000;-28.609167;210795.062500
0.000000;-161930.234375;-56566.214844;-267298.375000;-29.388041;210779.500000
0.000000;-161934.218750;-56579.980469;-267292.687500;-29.629999;210760.421875
0.000000;-161967.109375;-56642.878906;-267296.375000;-35.283794;210701.171875
0.000000;-161973.453125;-56652.832031;-267299.031250;-37.829445;210694.140625
0.000000;-161978.781250;-56662.812500;-267298.625000;-31.499420;210683.828125
0.000000;-161982.906250;-56667.929688;-267302.437500;-28.667061;210681.703125
0.000000;-161993.656250;-56688.003906;-267304.562500;-19.733114;210663.875000
0.000000;-161991.953125;-56681.800781;-267306.656250;-22.493147;210671.312500
0.000000;-161995.843750;-56695.156250;-267300.750000;-19.660669;210652.843750
0.000000;-162002.578125;-56707.816406;-267301.437500;-25.133257;210640.578125
0.000000;-162007.578125;-56717.320312;-267301.687500;-23.309221;210630.343750
0.000000;-162018.875000;-56736.429688;-267304.468750;-26.326992;210614.687500
0.000000;-162019.171875;-56741.937500;-267300.343750;-25.685928;210605.265625
0.000000;-162016.484375;-56746.433594;-267290.531250;-25.909504;210591.218750
0.000000;-162014.796875;-56743.250000;-267290.031250;-36.279724;210594.546875
0.000000;-162014.281250;-56742.824219;-267289.781250;-30.665808;210594.437500
0.000000;-162011.484375;-56736.472656;-267290.531250;-29.670017;210601.515625
0.000000;-162021.765625;-56755.019531;-267292.031250;-36.120621;210585.140625
0.000000;-162031.515625;-56772.015625;-267295.312500;-43.076942;210570.875000
0.000000;-162032.109375;-56784.343750;-267283.687500;-42.466415;210547.843750
0.000000;-162028.125000;-56776.304688;-267283.656250;-44.045570;210555.703125
0.000000;-162033.609375;-56784.378906;-267287.000000;-43.185642;210550.296875
0.000000;-162018.203125;-56765.066406;-267275.656250;-39.853134;210558.703125
0.000000;-162015.203125;-56768.144531;-267265.750000;-44.381393;210546.500000
0.000000;-162003.703125;-56751.699219;-267259.531250;-43.594315;210556.562500
0.000000;-162018.343750;-56784.609375;-267255.812500;-47.958881;210521.531250
0.000000;-162016.156250;-56776.070312;-267259.125000;-44.620018;210532.859375
0.000000;-162019.375000;-56785.054688;-267257.812500;-45.997841;210522.156250
0.000000;-162014.593750;-56771.164062;-267261.625000;-43.688671;210539.812500
0.000000;-162013.203125;-56767.777344;-267261.750000;-46.827511;210542.656250
0.000000;-162006.203125;-56768.792969;-267247.437500;-43.183720;210527.750000
0.000000;-162016.390625;-56789.355469;-267246.906250;-47.537983;210507.671875
0.000000;-162010.906250;-56785.187500;-267239.906250;-40.482559;210505.078125
0.000000;-162018.390625;-56799.769531;-267239.500000;-47.127750;210490.359375
0.000000;-162025.578125;-56820.625000;-267234.625000;-42.157181;210464.500000
0.000000;-162013.281250;-56810.031250;-267219.687500;-45.383751;210462.531250
0.000000;-162005.296875;-56799.093750;-267215.250000;-42.389217;210468.468750
0.000000;-162007.765625;-56800.339844;-267218.093750;-42.276657;210470.734375
0.000000;-162003.500000;-56799.851562;-267209.656250;-41.913883;210464.015625
0.000000;-162011.406250;-56822.148438;-267203.500000;-46.532551;210436.187500
0.000000;-162002.265625;-56814.835938;-267193.000000;-43.307705;210434.078125
0.000000;-161994.250000;-56813.027344;-267178.843750;-51.329918;210425.796875
0.000000;-161990.734375;-56804.648438;-267179.875000;-49.189293;210435.734375
0.000000;-161985.218750;-56790.421875;-267183.500000;-51.512695;210452.468750
0.000000;-161997.859375;-56817.941406;-267181.531250;-54.259087;210424.140625
0.000000;-161990.140625;-56814.820312;-267169.156250;-58.789577;210414.968750
0.000000;-29199.208984;-9747.704102;-48647.488281;-0.000000;38903.066406
0.000000;-29199.208984;-9747.704102;-48647.488281;-0.000000;38903.066406
0.000000;-29199.208984;-9747.704102;-48647.488281;-0.000000;38903.066406
0.000000;-29199.208984;-9747.704102;-48647.488281;-0.000000;38903.066406
0.000000;-15331.722656;-5114.540527;-25548.078125;0.000000;20432.099609
0.000000;-15331.722656;-5114.540527;-25548.078125;0.000000;20432.099609
0.000000;-15315.910156;-5147.853027;-25481.009766;-0.000054;20336.222656
0.000000;-15319.953125;-5149.214355;-25487.689453;-0.000021;20341.363281
0.000000;-15331.722656;-5114.540527;-25548.078125;0.000000;20432.099609
0.000000;-15331.722656;-5114.540527;-25548.078125;0.000000;20432.099609
0.000000;-14609.041016;-4873.096680;-24343.257812;0.000000;19471.173828
0.000000;-14609.041016;-4873.096680;-24343.257812;0.000000;19471.173828
0.000000;-14609.980469;-4870.500977;-24351.138672;0.000000;19480.505859
0.000000;-14609.980469;-4870.500977;-24351.138672;0.000000;19480.505859
0.000000;-14590.482422;-4902.361328;-24278.865234;-0.000000;19376.664062
0.000000;-14590.482422;-4902.361328;-24278.865234;-0.000000;19376.664062
0.000000;-143984.734375;-52020.300781;-235939.906250;-0.000000;183919.843750
0.000000;-143984.734375;-52020.300781;-235939.906250;-0.000000;183919.843750
0.000000;-143984.734375;-52020.300781;-235939.906250;-0.000000;183919.843750
0.000000;-143984.734375;-52020.300781;-235939.906250;-0.000000;183919.843750
0.000000;-283290.187500;-111170.531250;-455437.812500;-0.000000;344291.375000
0.000000;-283290.187500;-111170.531250;-455437.812500;-0.000000;344291.375000
0.000000;-283401.687500;-111190.140625;-455564.906250;-0.000000;344369.468750
0.000000;-283401.687500;-111190.140625;-455564.906250;-0.000000;344369.468750
0.000000;-1112.724731;-436.686432;-1788.829712;-0.000000;1352.260864
0.000000;-1112.724731;-436.686432;-1788.829712;-0.000000;1352.260864
0.000000;-1669.044312;-654.945374;-2683.164062;-0.000000;2028.539185
0.000000;-1669.044312;-654.945374;-2683.164062;-0.000000;2028.539185
0.000000;-1112.724731;-436.686432;-1788.829712;-0.000000;1352.260864
0.000000;-1112.724731;-436.686432;-1788.829712;-0.000000;1352.260864
0.000000;-1113.145752;-436.741486;-1788.411621;-0.000000;1352.478760
0.000000;-1113.145752;-436.741486;-1788.411621;-0.000000;1352.478760
0.000000;-114.669983;-38.835899;-190.493927;-0.000000;151.666855
0.000000;-114.669983;-38.835899;-190.493927;-0.000000;151.666855
0.000000;-114.669983;-38.835899;-190.493927;-0.000000;151.666855
0.000000;-114.669983;-38.835899;-190.493927;-0.000000;151.666855
0.000000;-128.648880;-43.659134;-213.647339;-0.000000;169.996002
0.000000;-128.648880;-43.659134;-213.647339;-0.000000;169.996002
0.000000;-128.648880;-43.659134;-213.647339;-0.000000;169.996002
0.000000;-128.648880;-43.659134;-213.647339;-0.000000;169.996002
0.000000;-128.648880;-43.659134;-213.647339;-0.000000;169.996002
0.000000;-128.648880;-43.659134;-213.647339;-0.000000;169.996002
0.000000;-128.648880;-43.659134;-213.647339;-0.000000;169.996002
0.000000;-128.648880;-43.659134;-213.647339;-0.000000;169.996002
0.000000;-42.991013;-14.417238;-71.565758;-0.000008;57.147537
0.000000;-42.991013;-14.417238;-71.565758;-0.000008;57.147537
0.000000;-28.797787;-9.637444;-47.954529;-0.000000;38.318768
0.000000;-28.797787;-9.637444;-47.954529;-0.000000;38.318768
0.000000;-28.797787;-9.637444;-47.954529;-0.000000;38.318768
0.000000;-28.797787;-9.637444;-47.954529;-0.000000;38.318768
0.000000;-28.797787;-9.637444;-47.954529;-0.000000;38.318768
0.000000;-28.797787;-9.637444;-47.954529;-0.000000;38.318768
0.000000;-28.797787;-9.637444;-47.954529;-0.000000;38.318768
0.000000;-28.797787;-9.637444;-47.954529;-0.000000;38.318768
0.000000;-28.797787;-9.637444;-47.954529;-0.000000;38.318768
0.000000;-28.797787;-9.637444;-47.954529;-0.000000;38.318768
0.000000;-28.797787;-9.637444;-47.954529;-0.000000;38.318768
0.000000;-28.797787;-9.637444;-47.954529;-0.000000;38.318768
0.000000;-28.797787;-9.637444;-47.954529;-0.000000;38.318768
0.000000;-28.797787;-9.637444;-47.954529;-0.000000;38.318768
0.000000;-28.797787;-9.637444;-47.954529;-0.000000;38.318768
0.000000;-28.797787;-9.637444;-47.954529;-0.000000;38.318768
0.000000;-28.797787;-9.637444;-47.954529;-0.000000;38.318768
0.000000;-28.797787;-9.637444;-47.954529;-0.000000;38.318768
0.000000;-28.797787;-9.637444;-47.954529;-0.000000;38.318768
0.000000;-28.797787;-9.637444;-47.954529;-0.000000;38.318768
0.000000;-28.797787;-9.637444;-47.954529;-0.000000;38.318768
0.000000;-28.797787;-9.637444;-47.954529;-0.000000;38.318768
0.000000;-28.797787;-9.637444;-47.954529;-0.000000;38.318768
0.000000;-28.797787;-9.637444;-47.954529;-0.000000;38.318768
0.000000;-28.797787;-9.637444;-47.954529;-0.000000;38.318768
0.000000;-28.797787;-9.637444;-47.954529;-0.000000;38.318768
0.000000;-28.797787;-9.637444;-47.954529;-0.000000;38.318768
0.000000;-28.797787;-9.637444;-47.954529;-0.000000;38.318768
0.000000;-28.797787;-9.637444;-47.954529;-0.000000;38.318768
0.000000;-28.797787;-9.637444;-47.954529;-0.000000;38.318768
0.000000;-28.797787;-9.637444;-47.954529;-0.000000;38.318768
0.000000;-28.797787;-9.637444;-47.954529;-0.000000;38.318768
0.000000;-28.797787;-9.637444;-47.954529;-0.000000;38.318768
0.000000;-28.797787;-9.637444;-47.954529;-0.000000;38.318768
0.000000;-28.797787;-9.637444;-47.954529;-0.000000;38.318768
0.000000;-28.797787;-9.637444;-47.954529;-0.000000;38.318768
0.000000;-28.797787;-9.637444;-47.954529;-0.000000;38.318768
0.000000;-28.797787;-9.637444;-47.954529;-0.000000;38.318768
0.000000;-28.797787;-9.637444;-47.954529;-0.000000;38.318768
0.000000;-28.797787;-9.637444;-47.954529;-0.000000;38.318768
0.000000;-28.797787;-9.637444;-47.954529;-0.000000;38.318768
0.000000;-28.797787;-9.637444;-47.954529;-0.000000;38.318768
0.000000;-28.797787;-9.637444;-47.954529;-0.000000;38.318768
0.000000;-28.797787;-9.637444;-47.954529;-0.000000;38.318768
0.000000;-28.797787;-9.637444;-47.954529;-0.000000;38.318768
0.000000;-28.797800;-9.637445;-47.954540;-0.000000;38.318756
0.000000;-28.797817;-9.637447;-47.954544;0.000000;38.318756
0.000000;-28.797802;-9.637448;-47.954544;0.000000;38.318756
0.000000;-28.797800;-9.637450;-47.954548;0.000000;38.318752
0.000000;-28.797787;-9.637444;-47.954529;-0.000000;38.318768
0.000000;-28.797787;-9.637444;-47.954529;-0.000000;38.318768
0.000000;-28.797787;-9.637444;-47.954529;-0.000000;38.318768
0.000000;-28.797787;-9.637444;-47.954529;-0.000000;38.318768
0.000000;-3.010585;-1.003806;-5.016836;-0.000000;4.013056
0.000000;-3.010585;-1.003806;-5.016836;-0.000000;4.013056
0.000000;-3.010585;-1.003806;-5.016836;-0.000000;4.013056
0.000000;-3.010585;-1.003806;-5.016836;-0.000000;4.013056
