0.000000;0.000000;-0.000217;10836096571866143676223910313984.000000;0.000000;0.117244
1.000000;0.000000;-0.000217;10836096571866143676223910313984.000000;0.000000;0.117245
0.000000;0.000000;-4010161840586752.000000;10836096571866143676223910313984.000000;0.000000;0.116859
1.000000;0.000000;-4010161840586752.000000;10836096571866143676223910313984.000000;0.000000;0.116862
0.000000;25.000000;0.000000;10836096571866143676223910313984.000000;0.000000;0.112244
1.000000;54.000000;0.000000;10836096571866143676223910313984.000000;0.000000;0.112242
2.000000;88.000000;0.000000;10836096571866143676223910313984.000000;0.000000;0.112238
3.000000;116.000000;0.000000;10836096571866143676223910313984.000000;0.000000;0.112236
4.000000;146.000000;0.000000;10836096571866143676223910313984.000000;0.000000;0.112232
5.000000;169.000000;0.000000;10836096571866143676223910313984.000000;0.000000;0.112229
6.000000;205.000000;0.000000;10836096571866143676223910313984.000000;0.000000;0.112229
7.000000;233.000000;0.000000;10836096571866143676223910313984.000000;0.000000;0.112232
8.000000;259.000000;0.000000;10836096571866143676223910313984.000000;0.000000;0.112227
9.000000;283.000000;0.000000;10836096571866143676223910313984.000000;0.000000;0.112233
10.000000;304.000000;0.000000;10836096571866143676223910313984.000000;0.000000;0.112231
11.000000;336.000000;0.000000;10836096571866143676223910313984.000000;0.000000;0.112233
12.000000;363.000000;0.000000;10836096571866143676223910313984.000000;0.000000;0.112235
13.000000;386.000000;0.000000;10836096571866143676223910313984.000000;0.000000;0.112233
14.000000;420.000000;0.000000;10836096571866143676223910313984.000000;0.000000;0.112233
15.000000;446.000000;0.000000;10836096571866143676223910313984.000000;0.000000;0.112229
16.000000;463.000000;0.000000;10836096571866143676223910313984.000000;0.000000;0.112230
17.000000;490.000000;0.000000;10836096571866143676223910313984.000000;0.000000;0.112230
18.000000;506.000000;0.000000;10836096571866143676223910313984.000000;0.000000;0.112233
19.000000;528.000000;0.000000;10836096571866143676223910313984.000000;0.000000;0.112233
20.000000;561.000000;0.000000;10836096571866143676223910313984.000000;0.000000;0.112232
21.000000;584.000000;0.000000;10836096571866143676223910313984.000000;0.000000;0.112232
22.000000;609.000000;0.000000;10836096571866143676223910313984.000000;0.000000;0.112231
23.000000;624.000000;0.000000;10836096571866143676223910313984.000000;0.000000;0.112231
24.000000;654.000000;0.000000;10836096571866143676223910313984.000000;0.000000;0.112232
25.000000;677.000000;0.000000;10836096571866143676223910313984.000000;0.000000;0.112228
26.000000;704.000000;0.000000;10836096571866143676223910313984.000000;0.000000;0.112231
27.000000;725.000000;0.000000;10836096571866143676223910313984.000000;0.000000;0.112230
28.000000;753.000000;0.000000;10836096571866143676223910313984.000000;0.000000;0.112228
29.000000;782.000000;0.000000;10836096571866143676223910313984.000000;0.000000;0.112228
30.000000;809.000000;0.000000;10836096571866143676223910313984.000000;0.000000;0.112224
31.000000;840.000000;0.000000;10836096571866143676223910313984.000000;0.000000;0.112226
32.000000;866.000000;0.000000;10836096571866143676223910313984.000000;0.000000;0.112225
33.000000;890.000000;0.000000;10836096571866143676223910313984.000000;0.000000;0.112226
34.000000;903.000000;0.000000;10836096571866143676223910313984.000000;0.000000;0.112224
35.000000;925.000000;0.000000;10836096571866143676223910313984.000000;0.000000;0.112221
36.000000;945.000000;0.000000;10836096571866143676223910313984.000000;0.000000;0.112221
37.000000;958.000000;0.000000;10836096571866143676223910313984.000000;0.000000;0.112220
38.000000;982.000000;0.000000;10836096571866143676223910313984.000000;0.000000;0.112218
39.000000;1005.000000;0.000000;10836096571866143676223910313984.000000;0.000000;0.112218
40.000000;1033.000000;0.000000;10836096571866143676223910313984.000000;0.000000;0.112215
41.000000;1054.000000;0.000000;10836096571866143676223910313984.000000;0.000000;0.112214
42.000000;1072.000000;0.000000;10836096571866143676223910313984.000000;0.000000;0.112212
43.000000;1088.000000;0.000000;10836096571866143676223910313984.000000;0.000000;0.112212
44.000000;1101.000000;0.000000;10836096571866143676223910313984.000000;0.000000;0.112210
45.000000;1124.000000;0.000000;10836096571866143676223910313984.000000;0.000000;0.112210
46.000000;1144.000000;0.000000;10836096571866143676223910313984.000000;0.000000;0.112213
47.000000;1174.000000;0.000000;10836096571866143676223910313984.000000;0.000000;0.112210
48.000000;1190.000000;0.000000;10836096571866143676223910313984.000000;0.000000;0.112208
49.000000;1217.000000;0.000000;10836096571866143676223910313984.000000;0.000000;0.112208
50.000000;1243.000000;0.000000;10836096571866143676223910313984.000000;0.000000;0.112207
51.000000;1256.000000;0.000000;10836096571866143676223910313984.000000;0.000000;0.112211
52.000000;1270.000000;0.000000;10836096571866143676223910313984.000000;0.000000;0.112208
53.000000;1292.000000;0.000000;10836096571866143676223910313984.000000;0.000000;0.112209
54.000000;1312.000000;0.000000;10836096571866143676223910313984.000000;0.000000;0.112208
55.000000;1326.000000;0.000000;10836096571866143676223910313984.000000;0.000000;0.112208
56.000000;1348.000000;0.000000;10836096571866143676223910313984.000000;0.000000;0.112205
57.000000;1364.000000;0.000000;10836096571866143676223910313984.000000;0.000000;0.112207
58.000000;1384.000000;0.000000;10836096571866143676223910313984.000000;0.000000;0.112205
59.000000;1400.000000;0.000000;10836096571866143676223910313984.000000;0.000000;0.112208
60.000000;1413.000000;0.000000;10836096571866143676223910313984.000000;0.000000;0.112210
61.000000;1432.000000;0.000000;10836096571866143676223910313984.000000;0.000000;0.112210
62.000000;1456.000000;0.000000;10836096571866143676223910313984.000000;0.000000;0.112212
63.000000;1468.000000;0.000000;10836096571866143676223910313984.000000;0.000000;0.112216
64.000000;1483.000000;0.000000;10836096571866143676223910313984.000000;0.000000;0.112217
65.000000;1511.000000;0.000000;10836096571866143676223910313984.000000;0.000000;0.112216
66.000000;1528.000000;0.000000;10836096571866143676223910313984.000000;0.000000;0.112216
67.000000;1542.000000;0.000000;10836096571866143676223910313984.000000;0.000000;0.112216
68.000000;1555.000000;0.000000;10836096571866143676223910313984.000000;0.000000;0.112212
69.000000;1572.000000;0.000000;10836096571866143676223910313984.000000;0.000000;0.112212
70.000000;1583.000000;0.000000;10836096571866143676223910313984.000000;0.000000;0.112208
71.000000;1606.000000;0.000000;10836096571866143676223910313984.000000;0.000000;0.112206
72.000000;1622.000000;0.000000;10836096571866143676223910313984.000000;0.000000;0.112205
73.000000;1651.000000;0.000000;10836096571866143676223910313984.000000;0.000000;0.112200
74.000000;1670.000000;0.000000;10836096571866143676223910313984.000000;0.000000;0.112200
75.000000;1689.000000;0.000000;10836096571866143676223910313984.000000;0.000000;0.112199
76.000000;1700.000000;0.000000;10836096571866143676223910313984.000000;0.000000;0.112198
77.000000;1714.000000;0.000000;10836096571866143676223910313984.000000;0.000000;0.112197
78.000000;1724.000000;0.000000;10836096571866143676223910313984.000000;0.000000;0.112194
79.000000;1750.000000;0.000000;10836096571866143676223910313984.000000;0.000000;0.112191
80.000000;1770.000000;0.000000;10836096571866143676223910313984.000000;0.000000;0.112189
81.000000;1799.000000;0.000000;10836096571866143676223910313984.000000;0.000000;0.112187
82.000000;1813.000000;0.000000;10836096571866143676223910313984.000000;0.000000;0.112188
83.000000;1828.000000;0.000000;10836096571866143676223910313984.000000;0.000000;0.112185
84.000000;1844.000000;0.000000;10836096571866143676223910313984.000000;0.000000;0.112189
85.000000;1860.000000;0.000000;10836096571866143676223910313984.000000;0.000000;0.112185
86.000000;1882.000000;0.000000;10836096571866143676223910313984.000000;0.000000;0.112188
87.000000;1889.000000;0.000000;10836096571866143676223910313984.000000;0.000000;0.112186
88.000000;1905.000000;0.000000;10836096571866143676223910313984.000000;0.000000;0.112186
89.000000;1917.000000;0.000000;10836096571866143676223910313984.000000;0.000000;0.112185
90.000000;1926.000000;0.000000;10836096571866143676223910313984.000000;0.000000;0.112183
91.000000;1943.000000;0.000000;10836096571866143676223910313984.000000;0.000000;0.112183
92.000000;1954.000000;0.000000;10836096571866143676223910313984.000000;0.000000;0.112184
93.000000;1964.000000;0.000000;10836096571866143676223910313984.000000;0.000000;0.112181
94.000000;1984.000000;0.000000;10836096571866143676223910313984.000000;0.000000;0.112179
95.000000;1991.000000;0.000000;10836096571866143676223910313984.000000;0.000000;0.112178
96.000000;2005.000000;0.000000;10836096571866143676223910313984.000000;0.000000;0.112177
97.000000;2020.000000;0.000000;10836096571866143676223910313984.000000;0.000000;0.112177
98.000000;2032.000000;0.000000;10836096571866143676223910313984.000000;0.000000;0.112171
99.000000;2041.000000;0.000000;10836096571866143676223910313984.000000;0.000000;0.112175
100.000000;2053.000000;0.000000;10836096571866143676223910313984.000000;0.000000;0.112175
101.000000;2068.000000;0.000000;10836096571866143676223910313984.000000;0.000000;0.112176
102.000000;2090.000000;0.000000;10836096571866143676223910313984.000000;0.000000;0.112179
103.000000;2101.000000;0.000000;10836096571866143676223910313984.000000;0.000000;0.112180
104.000000;2110.000000;0.000000;10836096571866143676223910313984.000000;0.000000;0.112181
105.000000;2123.000000;0.000000;10836096571866143676223910313984.000000;0.000000;0.112178
106.000000;2135.000000;0.000000;10836096571866143676223910313984.000000;0.000000;0.112178
107.000000;2148.000000;0.000000;10836096571866143676223910313984.000000;0.000000;0.112179
108.000000;2167.000000;0.000000;10836096571866143676223910313984.000000;0.000000;0.112175
109.000000;2186.000000;0.000000;10836096571866143676223910313984.000000;0.000000;0.112178
110.000000;2209.000000;0.000000;10836096571866143676223910313984.000000;0.000000;0.112178
111.000000;2227.000000;0.000000;10836096571866143676223910313984.000000;0.000000;0.112177
112.000000;2244.000000;0.000000;10836096571866143676223910313984.000000;0.000000;0.112177
113.000000;2257.000000;0.000000;10836096571866143676223910313984.000000;0.000000;0.112173
114.000000;2269.000000;0.000000;10836096571866143676223910313984.000000;0.000000;0.112172
115.000000;2286.000000;0.000000;10836096571866143676223910313984.000000;0.000000;0.112169
116.000000;2304.000000;0.000000;10836096571866143676223910313984.000000;0.000000;0.112170
117.000000;2320.000000;0.000000;10836096571866143676223910313984.000000;0.000000;0.112167
118.000000;2335.000000;0.000000;10836096571866143676223910313984.000000;0.000000;0.112164
119.000000;2349.000000;0.000000;10836096571866143676223910313984.000000;0.000000;0.112164
120.000000;2369.000000;0.000000;10836096571866143676223910313984.000000;0.000000;0.112164
121.000000;2375.000000;0.000000;10836096571866143676223910313984.000000;0.000000;0.112162
122.000000;2387.000000;0.000000;10836096571866143676223910313984.000000;0.000000;0.112164
123.000000;2400.000000;0.000000;10836096571866143676223910313984.000000;0.000000;0.112163
124.000000;2424.000000;0.000000;10836096571866143676223910313984.000000;0.000000;0.112162
125.000000;2431.000000;0.000000;10836096571866143676223910313984.000000;0.000000;0.112162
126.000000;2436.000000;0.000000;10836096571866143676223910313984.000000;0.000000;0.112161
127.000000;2449.000000;0.000000;10836096571866143676223910313984.000000;0.000000;0.112160
128.000000;2450.000000;0.000000;10836096571866143676223910313984.000000;0.000000;0.112157
129.000000;2468.000000;0.000000;10836096571866143676223910313984.000000;0.000000;0.112157
130.000000;2477.000000;0.000000;10836096571866143676223910313984.000000;0.000000;0.112158
131.000000;2481.000000;0.000000;10836096571866143676223910313984.000000;0.000000;0.112157
132.000000;2490.000000;0.000000;10836096571866143676223910313984.000000;0.000000;0.112157
133.000000;2502.000000;0.000000;10836096571866143676223910313984.000000;0.000000;0.112158
134.000000;2507.000000;0.000000;10836096571866143676223910313984.000000;0.000000;0.112158
135.000000;2520.000000;0.000000;10836096571866143676223910313984.000000;0.000000;0.112158
136.000000;2537.000000;0.000000;10836096571866143676223910313984.000000;0.000000;0.112157
137.000000;2544.000000;0.000000;10836096571866143676223910313984.000000;0.000000;0.112157
138.000000;2561.000000;0.000000;10836096571866143676223910313984.000000;0.000000;0.112154
139.000000;2572.000000;0.000000;10836096571866143676223910313984.000000;0.000000;0.112157
140.000000;2575.000000;0.000000;10836096571866143676223910313984.000000;0.000000;0.112156
141.000000;2589.000000;0.000000;10836096571866143676223910313984.000000;0.000000;0.112155
142.000000;2595.000000;0.000000;10836096571866143676223910313984.000000;0.000000;0.112152
143.000000;2604.000000;0.000000;10836096571866143676223910313984.000000;0.000000;0.112153
144.000000;2616.000000;0.000000;10836096571866143676223910313984.000000;0.000000;0.112152
145.000000;2623.000000;0.000000;10836096571866143676223910313984.000000;0.000000;0.112151
146.000000;2637.000000;0.000000;10836096571866143676223910313984.000000;0.000000;0.112150
147.000000;2650.000000;0.000000;10836096571866143676223910313984.000000;0.000000;0.112151
148.000000;2665.000000;0.000000;10836096571866143676223910313984.000000;0.000000;0.112150
149.000000;2682.000000;0.000000;10836096571866143676223910313984.000000;0.000000;0.112150
150.000000;2690.000000;0.000000;10836096571866143676223910313984.000000;0.000000;0.112150
151.000000;2706.000000;0.000000;10836096571866143676223910313984.000000;0.000000;0.112150
152.000000;2711.000000;0.000000;10836096571866143676223910313984.000000;0.000000;0.112149
153.000000;2716.000000;0.000000;10836096571866143676223910313984.000000;0.000000;0.112148
154.000000;2726.000000;0.000000;10836096571866143676223910313984.000000;0.000000;0.112147
155.000000;2740.000000;0.000000;10836096571866143676223910313984.000000;0.000000;0.112147
156.000000;2759.000000;0.000000;10836096571866143676223910313984.000000;0.000000;0.112147
157.000000;2777.000000;0.000000;10836096571866143676223910313984.000000;0.000000;0.112142
158.000000;2792.000000;0.000000;10836096571866143676223910313984.000000;0.000000;0.112142
159.000000;2805.000000;0.000000;10836096571866143676223910313984.000000;0.000000;0.112141
160.000000;2819.000000;0.000000;10836096571866143676223910313984.000000;0.000000;0.112142
161.000000;2827.000000;0.000000;10836096571866143676223910313984.000000;0.000000;0.112144
162.000000;2838.000000;0.000000;10836096571866143676223910313984.000000;0.000000;0.112142
163.000000;2850.000000;0.000000;10836096571866143676223910313984.000000;0.000000;0.112143
164.000000;2861.000000;0.000000;10836096571866143676223910313984.000000;0.000000;0.112141
165.000000;2865.000000;0.000000;10836096571866143676223910313984.000000;0.000000;0.112141
166.000000;2872.000000;0.000000;10836096571866143676223910313984.000000;0.000000;0.112143
167.000000;2884.000000;0.000000;10836096571866143676223910313984.000000;0.000000;0.112143
168.000000;2888.000000;0.000000;10836096571866143676223910313984.000000;0.000000;0.112142
169.000000;2893.000000;0.000000;10836096571866143676223910313984.000000;0.000000;0.112141
170.000000;2901.000000;0.000000;10836096571866143676223910313984.000000;0.000000;0.112142
171.000000;2909.000000;0.000000;10836096571866143676223910313984.000000;0.000000;0.112141
172.000000;2919.000000;0.000000;10836096571866143676223910313984.000000;0.000000;0.112142
173.000000;2926.000000;0.000000;10836096571866143676223910313984.000000;0.000000;0.112143
174.000000;2934.000000;0.000000;10836096571866143676223910313984.000000;0.000000;0.112142
175.000000;2946.000000;0.000000;10836096571866143676223910313984.000000;0.000000;0.112143
176.000000;2953.000000;0.000000;10836096571866143676223910313984.000000;0.000000;0.112140
177.000000;2961.000000;0.000000;10836096571866143676223910313984.000000;0.000000;0.112143
178.000000;2971.000000;0.000000;10836096571866143676223910313984.000000;0.000000;0.112140
179.000000;2990.000000;0.000000;10836096571866143676223910313984.000000;0.000000;0.112141
180.000000;2996.000000;0.000000;10836096571866143676223910313984.000000;0.000000;0.112142
181.000000;3002.000000;0.000000;10836096571866143676223910313984.000000;0.000000;0.112143
182.000000;3013.000000;0.000000;10836096571866143676223910313984.000000;0.000000;0.112143
183.000000;3021.000000;0.000000;10836096571866143676223910313984.000000;0.000000;0.112143
184.000000;3029.000000;0.000000;10836096571866143676223910313984.000000;0.000000;0.112141
185.000000;3035.000000;0.000000;10836096571866143676223910313984.000000;0.000000;0.112141
186.000000;3044.000000;0.000000;10836096571866143676223910313984.000000;0.000000;0.112140
187.000000;3058.000000;0.000000;10836096571866143676223910313984.000000;0.000000;0.112143
188.000000;3063.000000;0.000000;10836096571866143676223910313984.000000;0.000000;0.112142
189.000000;3070.000000;0.000000;10836096571866143676223910313984.000000;0.000000;0.112142
190.000000;3079.000000;0.000000;10836096571866143676223910313984.000000;0.000000;0.112144
191.000000;3092.000000;0.000000;10836096571866143676223910313984.000000;0.000000;0.112143
192.000000;3110.000000;0.000000;10836096571866143676223910313984.000000;0.000000;0.112141
193.000000;3124.000000;0.000000;10836096571866143676223910313984.000000;0.000000;0.112141
194.000000;3136.000000;0.000000;10836096571866143676223910313984.000000;0.000000;0.112141
195.000000;3156.000000;0.000000;10836096571866143676223910313984.000000;0.000000;0.112138
196.000000;3163.000000;0.000000;10836096571866143676223910313984.000000;0.000000;0.112140
197.000000;3168.000000;0.000000;10836096571866143676223910313984.000000;0.000000;0.112140
198.000000;3172.000000;0.000000;10836096571866143676223910313984.000000;0.000000;0.112140
199.000000;3179.000000;0.000000;10836096571866143676223910313984.000000;0.000000;0.112135
0.000000;0.000000;4010161840586752.000000;10836096571866143676223910313984.000000;0.000000;0.000000
1.000000;0.000000;4010161840586752.000000;10836096571866143676223910313984.000000;0.000000;0.000000
0.000000;0.000000;4010161840586752.000000;10836096571866143676223910313984.000000;0.000000;0.000000
1.000000;0.000000;4010161840586752.000000;10836096571866143676223910313984.000000;0.000000;0.000000
0.000000;0.000000;0.000217;10836096571866143676223910313984.000000;0.000000;0.000000
1.000000;0.000000;0.000217;10836096571866143676223910313984.000000;0.000000;0.000000
0.000000;0.000000;-0.000000;10836096571866143676223910313984.000000;0.000000;0.000000
1.000000;0.000000;4010162645893120.000000;10836096571866143676223910313984.000000;0.000000;0.000000
0.000000;0.000000;0.000217;10836096571866143676223910313984.000000;0.000000;0.000000
1.000000;0.000000;0.000217;10836096571866143676223910313984.000000;0.000000;0.000000
0.000000;0.000000;0.000000;10836096571866143676223910313984.000000;0.000000;0.000000
1.000000;0.000000;0.000000;10836096571866143676223910313984.000000;0.000000;0.000000
0.000000;0.000000;-0.000000;10836096571866143676223910313984.000000;0.000000;0.000000
1.000000;0.000000;-0.000000;10836096571866143676223910313984.000000;0.000000;0.000000
0.000000;0.000000;-4010161840586752.000000;10836096571866143676223910313984.000000;0.000000;0.000000
1.000000;0.000000;-4010161840586752.000000;10836096571866143676223910313984.000000;0.000000;0.000000
0.000000;0.000000;-0.000000;10836096571866143676223910313984.000000;0.000000;0.000000
1.000000;0.000000;-0.000000;10836096571866143676223910313984.000000;0.000000;0.000000
0.000000;0.000000;-0.000000;10836096571866143676223910313984.000000;0.000000;0.000000
1.000000;0.000000;-0.000000;10836096571866143676223910313984.000000;0.000000;0.000000
0.000000;0.000000;0.000000;10836096571866143676223910313984.000000;0.000000;0.000000
1.000000;0.000000;0.000000;10836096571866143676223910313984.000000;0.000000;0.000000
0.000000;0.000000;-4010161840586752.000000;10836096571866143676223910313984.000000;0.000000;0.000000
1.000000;0.000000;-4010161840586752.000000;10836096571866143676223910313984.000000;0.000000;0.000000
0.000000;0.000000;0.000000;10836096571866143676223910313984.000000;0.000000;0.000000
1.000000;0.000000;0.000000;10836096571866143676223910313984.000000;0.000000;0.000000
0.000000;0.000000;0.000000;10836096571866143676223910313984.000000;0.000000;0.000000
1.000000;0.000000;0.000000;10836096571866143676223910313984.000000;0.000000;0.000000
0.000000;0.000000;0.000000;10836096571866143676223910313984.000000;0.000000;0.000000
1.000000;0.000000;0.000000;10836096571866143676223910313984.000000;0.000000;0.000000
0.000000;0.000000;0.000000;2917.776855;0.000000;0.000000
1.000000;0.000000;0.000000;2917.776855;0.000000;0.000000
0.000000;0.000000;-4010275925655552.000000;10836096571866143676223910313984.000000;0.000000;0.000000
1.000000;0.000000;-4010275925655552.000000;10836096571866143676223910313984.000000;0.000000;0.000000
0.000000;0.000000;-4010275925655552.000000;10836096571866143676223910313984.000000;0.000000;0.000000
1.000000;0.000000;-4010275925655552.000000;10836096571866143676223910313984.000000;0.000000;0.000000
0.000000;0.000000;-0.000000;-nan;0.000000;0.843742
1.000000;0.000000;-0.000000;-nan;0.000000;0.843742
0.000000;0.000000;-0.000000;-nan;0.000000;0.843742
1.000000;0.000000;-0.000000;-nan;0.000000;0.843742
0.000000;0.000000;-0.000000;-nan;0.000000;0.843742
1.000000;0.000000;-0.000000;-nan;0.000000;0.843742
0.000000;0.000000;-0.000000;-nan;0.000000;0.843742
1.000000;0.000000;-0.000000;-nan;0.000000;0.843742
0.000000;0.000000;0.000000;-nan;0.000000;0.851384
1.000000;0.000000;0.000000;-nan;0.000000;0.851384
0.000000;0.000000;0.000000;10836096571866143676223910313984.000000;0.000000;0.115073
1.000000;0.000000;0.000000;10836096571866143676223910313984.000000;0.000000;0.115073
0.000000;0.000000;0.000000;10836096571866143676223910313984.000000;0.000000;0.115073
1.000000;0.000000;0.000000;10836096571866143676223910313984.000000;0.000000;0.115073
2.000000;0.000000;0.000000;10836096571866143676223910313984.000000;0.000000;0.115073
3.000000;0.000000;0.000000;10836096571866143676223910313984.000000;0.000000;0.115073
4.000000;0.000000;0.000000;10836096571866143676223910313984.000000;0.000000;0.115073
5.000000;0.000000;0.000000;10836096571866143676223910313984.000000;0.000000;0.115073
6.000000;0.000000;0.000000;10836096571866143676223910313984.000000;0.000000;0.115073
7.000000;0.000000;0.000000;10836096571866143676223910313984.000000;0.000000;0.115073
8.000000;0.000000;0.000000;10836096571866143676223910313984.000000;0.000000;0.115073
9.000000;0.000000;0.000000;10836096571866143676223910313984.000000;0.000000;0.115073
10.000000;0.000000;0.000000;10836096571866143676223910313984.000000;0.000000;0.115073
11.000000;0.000000;0.000000;10836096571866143676223910313984.000000;0.000000;0.115073
12.000000;0.000000;0.000000;10836096571866143676223910313984.000000;0.000000;0.115073
13.000000;0.000000;0.000000;10836096571866143676223910313984.000000;0.000000;0.115073
14.000000;0.000000;0.000000;10836096571866143676223910313984.000000;0.000000;0.115073
0.000000;0.000000;0.000000;10836096571866143676223910313984.000000;0.000000;0.115099
1.000000;0.000000;0.000000;10836096571866143676223910313984.000000;0.000000;0.115099
0.000000;0.000000;0.000000;10836096571866143676223910313984.000000;0.000000;0.115099
1.000000;0.000000;0.000000;10836096571866143676223910313984.000000;0.000000;0.115099
0.000000;0.000000;0.000000;10836096571866143676223910313984.000000;0.000000;0.114988
1.000000;0.000000;0.000000;10836096571866143676223910313984.000000;0.000000;0.114988
0.000000;0.000000;0.000000;10836096571866143676223910313984.000000;0.000000;0.115151
1.000000;0.000000;0.000000;10836096571866143676223910313984.000000;0.000000;0.115151
0.000000;0.000000;0.000000;10836096571866143676223910313984.000000;0.000000;0.115151
1.000000;0.000000;0.000000;10836096571866143676223910313984.000000;0.000000;0.115151
2.000000;0.000000;0.000000;10836096571866143676223910313984.000000;0.000000;0.115151
3.000000;0.000000;0.000000;10836096571866143676223910313984.000000;0.000000;0.115151
4.000000;0.000000;0.000000;10836096571866143676223910313984.000000;0.000000;0.115151
5.000000;0.000000;0.000000;10836096571866143676223910313984.000000;0.000000;0.115151
6.000000;0.000000;0.000000;10836096571866143676223910313984.000000;0.000000;0.115151
7.000000;0.000000;0.000000;10836096571866143676223910313984.000000;0.000000;0.115151
8.000000;0.000000;0.000000;10836096571866143676223910313984.000000;0.000000;0.115151
9.000000;0.000000;0.000000;10836096571866143676223910313984.000000;0.000000;0.115151
10.000000;0.000000;0.000000;10836096571866143676223910313984.000000;0.000000;0.115151
11.000000;0.000000;0.000000;10836096571866143676223910313984.000000;0.000000;0.115151
12.000000;0.000000;0.000000;10836096571866143676223910313984.000000;0.000000;0.115151
13.000000;0.000000;0.000000;10836096571866143676223910313984.000000;0.000000;0.115151
14.000000;0.000000;0.000000;10836096571866143676223910313984.000000;0.000000;0.115151
15.000000;0.000000;0.000000;10836096571866143676223910313984.000000;0.000000;0.115151
16.000000;0.000000;0.000000;10836096571866143676223910313984.000000;0.000000;0.115151
17.000000;0.000000;0.000000;10836096571866143676223910313984.000000;0.000000;0.115151
18.000000;0.000000;0.000000;10836096571866143676223910313984.000000;0.000000;0.115151
19.000000;0.000000;0.000000;10836096571866143676223910313984.000000;0.000000;0.115151
0.000000;0.000000;0.000000;10836096571866143676223910313984.000000;0.000000;0.115019
1.000000;0.000000;0.000000;10836096571866143676223910313984.000000;0.000000;0.115019
0.000000;0.000000;0.000000;10836096571866143676223910313984.000000;0.000000;0.114960
1.000000;0.000000;0.000000;10836096571866143676223910313984.000000;0.000000;0.114960
0.000000;0.000000;0.000000;10836096571866143676223910313984.000000;0.000000;0.115160
1.000000;0.000000;0.000000;10836096571866143676223910313984.000000;0.000000;0.115160
0.000000;0.000000;0.000000;10836096571866143676223910313984.000000;0.000000;0.114869
1.000000;0.000000;0.000000;10836096571866143676223910313984.000000;0.000000;0.114869
0.000000;0.000000;1.000000;10836096571866143676223910313984.000000;0.000000;0.117291
1.000000;0.000000;1.000000;10836096571866143676223910313984.000000;0.000000;0.117291
0.000000;0.000000;1.000000;10836096571866143676223910313984.000000;0.000000;0.117305
0.000000;0.000000;1.000000;10836096571866143676223910313984.000000;0.000000;0.117397
