Colormap for Elle-files... Please do not edit
255 255 0 1
253 253 1 0
251 251 3 0
249 249 5 0
247 247 7 0
245 245 9 0
243 243 11 0
241 241 13 0
239 239 15 0
237 237 17 0
235 235 19 0
233 233 21 0
231 231 23 0
229 229 25 0
227 227 27 0
225 225 29 0
223 223 31 0
221 221 33 0
219 219 35 0
217 217 37 0
215 215 39 0
213 213 41 0
211 211 43 0
209 209 45 0
207 207 47 0
205 205 49 0
203 203 51 0
201 201 53 0
199 199 55 0
197 197 57 0
195 195 59 0
193 193 61 0
191 191 63 0
189 189 65 0
187 187 67 0
185 185 69 0
183 183 71 0
181 181 73 0
179 179 75 0
177 177 77 0
175 175 79 0
173 173 81 0
171 171 83 0
169 169 85 0
167 167 87 0
165 165 89 0
163 163 91 0
161 161 93 0
159 159 95 0
157 157 97 0
155 155 99 0
153 153 101 0
151 151 103 0
149 149 105 0
147 147 107 0
145 145 109 0
143 143 111 0
141 141 113 0
139 139 115 0
137 137 117 0
135 135 119 0
133 133 121 0
131 131 123 0
129 129 125 0
127 127 127 0
125 125 129 0
123 123 131 0
121 121 133 0
119 119 135 0
117 117 137 0
115 115 139 0
113 113 141 0
111 111 143 0
109 109 145 0
107 107 147 0
105 105 149 0
103 103 151 0
101 101 153 0
99 99 155 0
97 97 157 0
95 95 159 0
93 93 161 0
91 91 163 0
89 89 165 0
87 87 167 0
85 85 169 0
83 83 171 0
81 81 173 0
79 79 175 0
77 77 177 0
75 75 179 0
73 73 181 0
71 71 183 0
69 69 185 0
67 67 187 0
65 65 189 0
63 63 191 0
61 61 193 0
59 59 195 0
57 57 197 0
55 55 199 0
53 53 201 0
51 51 203 0
49 49 205 0
47 47 207 0
45 45 209 0
43 43 211 0
41 41 213 0
39 39 215 0
37 37 217 0
35 35 219 0
33 33 221 0
31 31 223 0
29 29 225 0
27 27 227 0
25 25 229 0
23 23 231 0
21 21 233 0
19 19 235 0
17 17 237 0
15 15 239 0
13 13 241 0
11 11 243 0
9 9 245 0
7 7 247 0
5 5 249 0
3 3 251 0
1 1 253 0
0 0 255 1
1 0 254 0
2 0 253 0
3 0 252 0
4 0 251 0
5 0 250 0
6 0 249 0
7 0 248 0
8 0 247 0
9 0 246 0
10 0 245 0
11 0 244 0
12 0 243 0
13 0 242 0
14 0 241 0
15 0 240 0
16 0 239 0
17 0 238 0
18 0 237 0
19 0 236 0
20 0 235 0
21 0 234 0
22 0 233 0
23 0 232 0
24 0 231 0
25 0 230 0
26 0 229 0
27 0 228 0
28 0 227 0
29 0 226 0
30 0 225 0
31 0 224 0
32 0 223 0
33 0 222 0
34 0 221 0
35 0 220 0
36 0 219 0
37 0 218 0
38 0 217 0
39 0 216 0
40 0 215 0
41 0 214 0
42 0 213 0
43 0 212 0
44 0 211 0
45 0 210 0
46 0 209 0
47 0 208 0
48 0 207 0
49 0 206 0
50 0 205 0
51 0 204 0
52 0 203 0
53 0 202 0
54 0 201 0
55 0 200 0
56 0 199 0
57 0 198 0
58 0 197 0
59 0 196 0
60 0 195 0
61 0 194 0
62 0 193 0
63 0 192 0
64 0 191 0
65 0 190 0
66 0 189 0
67 0 188 0
68 0 187 0
69 0 186 0
70 0 185 0
71 0 184 0
72 0 183 0
73 0 182 0
74 0 181 0
75 0 180 0
76 0 179 0
77 0 178 0
78 0 177 0
79 0 176 0
80 0 175 0
81 0 174 0
82 0 173 0
83 0 172 0
84 0 171 0
85 0 170 0
86 0 169 0
87 0 168 0
88 0 167 0
89 0 166 0
90 0 165 0
91 0 164 0
92 0 163 0
93 0 162 0
94 0 161 0
95 0 160 0
96 0 159 0
97 0 158 0
98 0 157 0
99 0 156 0
100 0 155 0
101 0 154 0
102 0 153 0
103 0 152 0
104 0 151 0
105 0 150 0
106 0 149 0
107 0 148 0
108 0 147 0
109 0 146 0
110 0 145 0
111 0 144 0
112 0 143 0
113 0 142 0
114 0 141 0
115 0 140 0
116 0 139 0
117 0 138 0
118 0 137 0
119 0 136 0
120 0 135 0
121 0 134 0
122 0 133 0
123 0 132 0
124 0 131 0
125 0 130 0
126 0 129 0
128 0 128 1
