Colormap for Elle-files... Please do not edit
170 6 6 1
171 5 5 0
172 5 5 0
173 5 5 0
174 5 5 0
175 5 5 0
176 5 5 0
177 5 5 0
178 5 5 0
179 5 5 0
180 5 5 0
181 5 5 0
182 5 5 0
183 5 5 0
184 5 5 0
185 4 4 0
186 4 4 0
187 4 4 0
188 4 4 0
189 4 4 0
190 4 4 0
191 4 4 0
192 4 4 0
193 4 4 0
194 4 4 0
195 4 4 0
196 4 4 0
197 4 4 0
198 4 4 0
199 3 3 0
200 3 3 0
201 3 3 0
202 3 3 0
203 3 3 0
204 3 3 0
205 3 3 0
206 3 3 0
207 3 3 0
208 3 3 0
209 3 3 0
210 3 3 0
211 3 3 0
212 3 3 0
213 2 2 0
214 2 2 0
215 2 2 0
216 2 2 0
217 2 2 0
218 2 2 0
219 2 2 0
220 2 2 0
221 2 2 0
222 2 2 0
223 2 2 0
224 2 2 0
225 2 2 0
226 2 2 0
227 1 1 0
228 1 1 0
229 1 1 0
230 1 1 0
231 1 1 0
232 1 1 0
233 1 1 0
234 1 1 0
235 1 1 0
236 1 1 0
237 1 1 0
238 1 1 0
239 1 1 0
240 1 1 0
241 0 0 0
242 0 0 0
243 0 0 0
244 0 0 0
245 0 0 0
246 0 0 0
247 0 0 0
248 0 0 0
249 0 0 0
250 0 0 0
251 0 0 0
252 0 0 0
253 0 0 0
255 0 0 1
0 128 0 1
5 119 5 0
11 111 11 1
10 111 10 0
10 111 10 0
10 111 10 0
10 111 10 0
10 112 10 0
10 112 10 0
10 112 10 0
9 112 9 0
9 112 9 0
9 113 9 0
9 113 9 0
9 113 9 0
9 113 9 0
9 113 9 0
8 114 8 0
8 114 8 0
8 114 8 0
8 114 8 0
8 114 8 0
8 115 8 0
8 115 8 0
8 115 8 0
7 115 7 0
7 115 7 0
7 116 7 0
7 116 7 0
7 116 7 0
7 116 7 0
7 117 7 0
6 117 6 0
6 117 6 0
6 117 6 0
6 117 6 0
6 118 6 0
6 118 6 0
6 118 6 0
6 118 6 0
5 118 5 0
5 119 5 0
5 119 5 0
5 119 5 0
5 119 5 0
5 119 5 0
5 120 5 0
4 120 4 0
4 120 4 0
4 120 4 0
4 120 4 0
4 121 4 0
4 121 4 0
4 121 4 0
4 121 4 0
3 121 3 0
3 122 3 0
3 122 3 0
3 122 3 0
3 122 3 0
3 123 3 0
3 123 3 0
2 123 2 0
2 123 2 0
2 123 2 0
2 124 2 0
2 124 2 0
2 124 2 0
2 124 2 0
2 124 2 0
1 125 1 0
1 125 1 0
1 125 1 0
1 125 1 0
1 125 1 0
1 126 1 0
1 126 1 0
0 126 0 0
0 126 0 0
0 126 0 0
0 127 0 0
0 127 0 0
0 127 0 0
0 127 0 0
0 128 0 1
0 0 0 1
0 0 255 1
0 0 255 0
0 0 255 0
0 0 255 0
0 0 255 0
0 0 255 0
0 0 255 0
0 0 255 0
0 0 255 0
0 0 255 0
0 0 255 0
0 0 255 0
0 0 255 0
0 0 255 0
0 0 255 0
0 0 255 0
0 0 255 0
0 0 255 0
0 0 255 0
0 0 255 0
0 0 255 0
0 0 255 0
0 0 255 0
0 0 255 0
0 0 255 0
0 0 255 0
0 0 255 0
0 0 255 0
0 0 255 0
0 0 255 0
0 0 255 0
0 0 255 0
0 0 255 0
0 0 255 0
0 0 255 0
0 0 255 0
0 0 255 0
0 0 255 0
0 0 255 0
0 0 255 0
0 0 255 0
0 0 255 0
0 0 255 0
0 0 255 0
0 0 255 0
0 0 255 0
0 0 255 0
0 0 255 0
0 0 255 0
0 0 255 0
0 0 255 0
0 0 255 0
0 0 255 0
0 0 255 0
0 0 255 0
0 0 255 0
0 0 255 0
0 0 255 0
0 0 255 0
0 0 255 0
0 0 255 0
0 0 255 0
0 0 255 0
0 0 255 0
0 0 255 0
0 0 255 0
0 0 255 0
0 0 255 0
0 0 255 0
0 0 255 0
0 0 255 0
0 0 255 0
0 0 255 0
0 0 255 0
0 0 255 0
0 0 255 0
0 0 255 0
0 0 255 0
0 0 255 0
0 0 255 0
0 0 255 0
0 0 255 0
0 0 255 0
0 0 255 0
0 0 255 1
