Colormap for Elle-files... Please do not edit
255 255 0 1
255 253 0 0
255 251 0 0
255 249 0 0
255 247 0 0
255 245 0 0
255 243 0 0
255 241 0 0
255 239 0 0
255 237 0 0
255 235 0 0
255 233 0 0
255 231 0 0
255 229 0 0
255 227 0 0
255 225 0 0
255 223 0 0
255 221 0 0
255 219 0 0
255 217 0 0
255 215 0 0
255 213 0 0
255 211 0 0
255 209 0 0
255 207 0 0
255 205 0 0
255 203 0 0
255 201 0 0
255 199 0 0
255 197 0 0
255 195 0 0
255 193 0 0
255 191 0 0
255 189 0 0
255 187 0 0
255 185 0 0
255 183 0 0
255 181 0 0
255 179 0 0
255 177 0 0
255 175 0 0
255 173 0 0
255 171 0 0
255 169 0 0
255 167 0 0
255 165 0 0
255 163 0 0
255 161 0 0
255 159 0 0
255 157 0 0
255 155 0 0
255 153 0 0
255 151 0 0
255 149 0 0
255 147 0 0
255 145 0 0
255 143 0 0
255 141 0 0
255 139 0 0
255 137 0 0
255 135 0 0
255 133 0 0
255 131 0 0
255 129 0 0
255 127 0 0
255 125 0 0
255 123 0 0
255 121 0 0
255 119 0 0
255 117 0 0
255 115 0 0
255 113 0 0
255 111 0 0
255 109 0 0
255 107 0 0
255 105 0 0
255 103 0 0
255 101 0 0
255 99 0 0
255 97 0 0
255 95 0 0
255 93 0 0
255 91 0 0
255 89 0 0
255 87 0 0
255 85 0 0
255 83 0 0
255 81 0 0
255 79 0 0
255 77 0 0
255 75 0 0
255 73 0 0
255 71 0 0
255 69 0 0
255 67 0 0
255 65 0 0
255 63 0 0
255 61 0 0
255 59 0 0
255 57 0 0
255 55 0 0
255 53 0 0
255 51 0 0
255 49 0 0
255 47 0 0
255 45 0 0
255 43 0 0
255 41 0 0
255 39 0 0
255 37 0 0
255 35 0 0
255 33 0 0
255 31 0 0
255 29 0 0
255 27 0 0
255 25 0 0
255 23 0 0
255 21 0 0
255 19 0 0
255 17 0 0
255 15 0 0
255 13 0 0
255 11 0 0
255 9 0 0
255 7 0 0
255 5 0 0
255 3 0 0
255 1 0 0
255 0 0 1
253 0 0 0
251 0 0 0
249 0 0 0
247 0 0 0
245 1 1 0
244 1 1 0
242 1 1 0
240 1 1 0
238 1 1 0
236 2 2 0
235 2 2 0
233 2 2 0
231 2 2 0
229 2 2 0
227 3 3 0
226 3 3 0
224 3 3 0
222 3 3 0
220 3 3 0
218 4 4 0
217 4 4 0
215 4 4 0
213 4 4 0
211 4 4 0
209 5 5 0
208 5 5 0
206 5 5 0
204 5 5 0
202 5 5 0
200 6 6 0
199 6 6 0
197 6 6 0
195 6 6 0
193 6 6 0
191 7 7 0
190 7 7 0
188 7 7 0
186 7 7 0
184 7 7 0
182 8 8 0
181 8 8 0
179 8 8 0
177 8 8 0
175 9 9 0
173 9 9 0
172 9 9 0
170 9 9 0
168 9 9 0
166 10 10 0
164 10 10 0
163 10 10 0
161 10 10 0
159 10 10 0
157 11 11 0
155 11 11 0
154 11 11 0
152 11 11 0
150 11 11 0
148 12 12 0
146 12 12 0
145 12 12 0
143 12 12 0
141 12 12 0
139 13 13 0
137 13 13 0
135 13 13 0
134 13 13 0
132 13 13 0
130 14 14 0
128 14 14 0
126 14 14 0
125 14 14 0
123 14 14 0
121 15 15 0
119 15 15 0
117 15 15 0
116 15 15 0
114 15 15 0
112 16 16 0
110 16 16 0
108 16 16 0
107 16 16 0
105 16 16 0
103 17 17 0
101 17 17 0
99 17 17 0
98 17 17 0
96 18 18 0
94 18 18 0
92 18 18 0
90 18 18 0
89 18 18 0
87 19 19 0
85 19 19 0
83 19 19 0
81 19 19 0
80 19 19 0
78 20 20 0
76 20 20 0
74 20 20 0
72 20 20 0
71 20 20 0
69 21 21 0
67 21 21 0
65 21 21 0
63 21 21 0
62 21 21 0
60 22 22 0
58 22 22 0
56 22 22 0
54 22 22 0
53 22 22 0
51 23 23 0
49 23 23 0
47 23 23 0
45 23 23 0
44 23 23 0
42 24 24 0
40 24 24 0
38 24 24 0
36 24 24 0
35 24 24 0
33 25 25 0
31 25 25 0
29 25 25 0
27 25 25 0
26 26 26 1
